========================================================================================================================
            State                                               IAPWS Verification Values                           
----------------------------        --------------------------------------------------------------------------------
   T [K]      rho[kg/m^3]                 P [Pa]            Cv [J/kg-K]            w [m/s]             s[J/kg-K]
------------------------------------------------------------------------------------------------------------------------
   +300     +9.96556000E+02          +9.92418352E+04      +4.13018112E+03      +1.50151914E+03      +3.93062643E+02
   +300     +1.00530800E+03          +2.00022515E+07      +4.06798347E+03      +1.53492501E+03      +3.87405401E+02
   +300     +1.18820200E+03          +7.00004704E+08      +3.46135580E+03      +2.44357992E+03      +1.32609616E+02
   +500     +4.35000000E-01          +9.99679423E+04      +1.50817541E+03      +5.48314253E+02      +7.94488271E+03
   +500     +4.53200000E+00          +9.99938125E+05      +1.66991025E+03      +5.35739001E+02      +6.82502725E+03
   +500     +8.38025000E+02          +1.00003858E+07      +3.22106219E+03      +1.27128441E+03      +2.56690919E+03
   +500     +1.08456400E+03          +7.00000405E+08      +3.07437693E+03      +2.41200877E+03      +2.03237509E+03
   +647     +3.58000000E+02          +2.20384756E+07      +6.18315728E+03      +2.52145078E+02      +4.32092307E+03
   +900     +2.41000000E-01          +1.00062559E+05      +1.75890657E+03      +7.24027147E+02      +9.16653194E+03
   +900     +5.26150000E+01          +2.00000690E+07      +1.93510526E+03      +6.98445674E+02      +6.59070225E+03
   +900     +8.70769000E+02          +7.00000006E+08      +2.66422350E+03      +2.01933608E+03      +4.17223802E+03
========================================================================================================================
========================================================================================================================
            State                                                WWPP Calculated Values                             
----------------------------        --------------------------------------------------------------------------------
   T [K]      rho[kg/m^3]                 P [Pa]            Cv [J/kg-K]            w [m/s]             s[J/kg-K]
------------------------------------------------------------------------------------------------------------------------
   +300     +9.96556000E+02          +9.92418352E+04      +4.13018112E+03      +1.50151914E+03      +3.93062643E+02
   +300     +1.00530800E+03          +2.00022515E+07      +4.06798347E+03      +1.53492501E+03      +3.87405401E+02
   +300     +1.18820200E+03          +7.00004704E+08      +3.46135580E+03      +2.44357992E+03      +1.32609616E+02
   +500     +4.35000000E-01          +9.99679423E+04      +1.50817541E+03      +5.48314253E+02      +7.94488271E+03
   +500     +4.53200000E+00          +9.99938125E+05      +1.66991025E+03      +5.35739001E+02      +6.82502725E+03
   +500     +8.38025000E+02          +1.00003858E+07      +3.22106219E+03      +1.27128441E+03      +2.56690919E+03
   +500     +1.08456400E+03          +7.00000405E+08      +3.07437693E+03      +2.41200877E+03      +2.03237509E+03
   +647     +3.58000000E+02          +2.20384756E+07      +6.18315728E+03      +2.53477964E+02      +4.31383529E+03
   +900     +2.41000000E-01          +1.00062559E+05      +1.75890657E+03      +7.24027147E+02      +9.16653194E+03
   +900     +5.26150000E+01          +2.00000690E+07      +1.93510526E+03      +6.98445674E+02      +6.59070225E+03
   +900     +8.70769000E+02          +7.00000006E+08      +2.66422350E+03      +2.01933608E+03      +4.17223802E+03
========================================================================================================================
========================================================================================================================
            State                                      Absolute Differences in Verification Values                  
----------------------------        --------------------------------------------------------------------------------
   T [K]      rho[kg/m^3]                 P [Pa]            Cv [J/kg-K]            w [m/s]             s[J/kg-K]
------------------------------------------------------------------------------------------------------------------------
   +300     +9.96556000E+02          +0.00000000E+00      +0.00000000E+00      +0.00000000E+00      +0.00000000E+00
   +300     +1.00530800E+03          +0.00000000E+00      +0.00000000E+00      +0.00000000E+00      +0.00000000E+00
   +300     +1.18820200E+03          +0.00000000E+00      +0.00000000E+00      +0.00000000E+00      +0.00000000E+00
   +500     +4.35000000E-01          +0.00000000E+00      +0.00000000E+00      +0.00000000E+00      +0.00000000E+00
   +500     +4.53200000E+00          +0.00000000E+00      +0.00000000E+00      +0.00000000E+00      +0.00000000E+00
   +500     +8.38025000E+02          +0.00000000E+00      +0.00000000E+00      +0.00000000E+00      +0.00000000E+00
   +500     +1.08456400E+03          +0.00000000E+00      +0.00000000E+00      +0.00000000E+00      +0.00000000E+00
   +647     +3.58000000E+02          +0.00000000E+00      +0.00000000E+00      -1.33288600E+00      +7.08778000E+00
   +900     +2.41000000E-01          +0.00000000E+00      +0.00000000E+00      +0.00000000E+00      +0.00000000E+00
   +900     +5.26150000E+01          +0.00000000E+00      +0.00000000E+00      +0.00000000E+00      +0.00000000E+00
   +900     +8.70769000E+02          +0.00000000E+00      +0.00000000E+00      +0.00000000E+00      +0.00000000E+00
========================================================================================================================
========================================================================================================================
            State                                      Relative Differences in Verification Values                  
----------------------------        --------------------------------------------------------------------------------
   T [K]      rho[kg/m^3]                 P [Pa]            Cv [J/kg-K]            w [m/s]             s[J/kg-K]
------------------------------------------------------------------------------------------------------------------------
   +300     +9.96556000E+02          +0.00000000E+00      +0.00000000E+00      +0.00000000E+00      +0.00000000E+00
   +300     +1.00530800E+03          +0.00000000E+00      +0.00000000E+00      +0.00000000E+00      +0.00000000E+00
   +300     +1.18820200E+03          +0.00000000E+00      +0.00000000E+00      +0.00000000E+00      +0.00000000E+00
   +500     +4.35000000E-01          +0.00000000E+00      +0.00000000E+00      +0.00000000E+00      +0.00000000E+00
   +500     +4.53200000E+00          +0.00000000E+00      +0.00000000E+00      +0.00000000E+00      +0.00000000E+00
   +500     +8.38025000E+02          +0.00000000E+00      +0.00000000E+00      +0.00000000E+00      +0.00000000E+00
   +500     +1.08456400E+03          +0.00000000E+00      +0.00000000E+00      +0.00000000E+00      +0.00000000E+00
   +647     +3.58000000E+02          +0.00000000E+00      +0.00000000E+00      -5.28618687E-03      +1.64033932E-03
   +900     +2.41000000E-01          +0.00000000E+00      +0.00000000E+00      +0.00000000E+00      +0.00000000E+00
   +900     +5.26150000E+01          +0.00000000E+00      +0.00000000E+00      +0.00000000E+00      +0.00000000E+00
   +900     +8.70769000E+02          +0.00000000E+00      +0.00000000E+00      +0.00000000E+00      +0.00000000E+00
========================================================================================================================
